301
322
518
326
302
301
329
323
312
331
305
331
305
331
313
501
303
329
303
527
329
304
318
329
319
329
316
329
304
502
303
329
311
329
304
524
303
329
311
329
316
329
303
503
329
304
319
329
318
329
304
302
505
329
303
308
503
329
308
304
301
532
329
512
523
303
331
305
331
305
331
304
301
502
303
329
303
503
329
304
316
329
304
514
303
304
517
303
329
304
511
303
329
304
510
303
329
304
302
320
302
505
329
303
308
308
304
301
513
529
301
509
303
329
304
522
303
303
329
315
329
303
527
329
304
328
329
316
329
304
304
502
303
303
329
315
329
303
527
329
304
307
329
316
329
304
304
302
508
301
329
310
329
318
329
316
329
302
302
526
329
505
329
303
308
527
329
308
304
301
533
303
331
304
533
303
335
304
302
301
308
530
308
329
305
329
305
329
305
329
308
527
329
308
503
329
308
515
302
999
